400	0	31	1
ROADMAP 1
ROADMAP 2
ROADMAP 3
ROADMAP 4
ROADMAP 5
ROADMAP 6
ROADMAP 7
5	69	20	101
ROADMAP 8
ROADMAP 9
ROADMAP 10
ROADMAP 11
ROADMAP 12
ROADMAP 13
ROADMAP 14
ROADMAP 15
ROADMAP 16
ROADMAP 17
ROADMAP 18
ROADMAP 19
ROADMAP 20
ROADMAP 21
ROADMAP 22
4	19	88	156
ROADMAP 23
ROADMAP 24
ROADMAP 25
ROADMAP 26
17	98	20	91
ROADMAP 27
26	20	76	98
17	20	20	118
ROADMAP 28
12	20	73	158
ROADMAP 29
ROADMAP 30
ROADMAP 31
2	20	117	144
ROADMAP 32
ROADMAP 33
21	20	114	147
ROADMAP 34
17	20	88	168
ROADMAP 35
ROADMAP 36
23	63	20	132
ROADMAP 37
30	86	20	85
ROADMAP 38
5	20	57	162
ROADMAP 39
9	20	85	170
ROADMAP 40
ROADMAP 41
7	124	19	60
ROADMAP 42
31	20	38	154
ROADMAP 43
ROADMAP 44
23	19	75	184
ROADMAP 45
35	20	160	184
ROADMAP 46
8	35	20	132
ROADMAP 47
ROADMAP 48
ROADMAP 49
45	20	64	136
ROADMAP 50
19	51	20	156
ROADMAP 51
ROADMAP 52
1	20	163	170
ROADMAP 53
1	20	124	170
52	20	20	107
ROADMAP 54
1	19	148	170
52	19	20	159
ROADMAP 55
32	19	109	181
51	27	18	81
ROADMAP 56
ROADMAP 57
ROADMAP 58
9	20	142	170
39	20	20	68
ROADMAP 59
40	91	20	115
ROADMAP 60
ROADMAP 61
57	32	18	153
ROADMAP 62
6	33	18	142
ROADMAP 63
29	20	132	146
46	100	20	35
8	100	20	35
ROADMAP 64
37	20	26	86
30	20	20	95
ROADMAP 65
18	19	84	175
1	43	0	14
ROADMAP 66
1	20	8	154
ROADMAP 67
60	63	20	133
ROADMAP 68
18	94	20	86
ROADMAP 69
16	31	16	155
ROADMAP 70
10	20	126	158
2	84	20	84
ROADMAP 71
6	20	86	142
62	20	33	36
26	34	20	98
17	34	20	39
ROADMAP 72
4	20	133	156
22	20	19	114
43	23	20	59
ROADMAP 73
9	20	153	170
39	20	20	68
58	20	20	79
ROADMAP 74
43	20	23	165
ROADMAP 75
45	20	52	136
49	20	20	79
ROADMAP 76
35	20	143	184
45	20	20	104
ROADMAP 77
59	20	28	91
40	20	20	91
ROADMAP 78
30	19	105	174
ROADMAP 79
10	18	74	158
70	18	20	72
ROADMAP 80
14	20	35	165
ROADMAP 81
11	19	74	189
ROADMAP 82
78	20	65	79
35	103	20	56
ROADMAP 83
22	20	81	114
72	20	20	23
43	20	20	124
ROADMAP 84
43	20	94	174
41	45	20	53
ROADMAP 85
10	20	130	158
70	20	20	84
2	20	20	90
ROADMAP 86
18	20	163	175
65	20	19	43
1	20	0	118
ROADMAP 87
14	95	20	67
ROADMAP 88
87	20	59	95
14	20	20	114
ROADMAP 89
16	20	19	155
ROADMAP 90
13	20	35	146
ROADMAP 91
48	121	18	55
ROADMAP 92
29	20	129	146
63	20	20	100
46	20	20	35
8	20	20	37
ROADMAP 93
38	20	30	79
56	35	20	122
ROADMAP 94
12	20	75	158
28	20	20	58
ROADMAP 95
25	147	20	32
ROADMAP 96
ROADMAP 97
20	20	66	156
ROADMAP 98
56	20	57	166
ROADMAP 99
46	20	25	35
8	20	20	173
ROADMAP 100
ROADMAP 101
29	19	110	146
63	19	20	100
46	19	20	35
8	19	20	36
ROADMAP 102
32	19	107	181
55	19	19	27
51	19	18	57
ROADMAP 103
4	20	131	156
22	20	19	114
72	20	20	23
43	20	20	57
ROADMAP 104
91	106	20	81
ROADMAP 105
25	19	123	185
50	93	20	51
ROADMAP 106
23	19	175	184
44	19	19	36
29	21	20	129
ROADMAP 107
33	20	25	119
37	35	19	67
ROADMAP 108
100	20	30	161
ROADMAP 109
35	20	125	184
45	20	20	100
ROADMAP 110
100	95	20	69
ROADMAP 111
15	19	67	162
ROADMAP 112
11	20	96	189
81	20	19	26
36	46	19	56
ROADMAP 113
11	20	98	189
81	20	19	26
112	20	20	46
36	20	19	55
ROADMAP 114
29	20	40	146
63	20	20	38
ROADMAP 115
87	20	22	95
14	20	20	86
ROADMAP 116
20	135	20	26
ROADMAP 117
68	20	90	94
18	20	20	146
ROADMAP 118
37	20	58	86
30	20	20	147
ROADMAP 119
12	20	140	158
28	20	20	79
104	73	20	22
ROADMAP 120
25	19	57	185
105	19	19	34
ROADMAP 121
95	20	72	147
25	20	20	109
ROADMAP 122
ROADMAP 123
8	19	139	183
68	40	20	93
ROADMAP 124
15	20	69	162
111	20	19	71
ROADMAP 125
34	17	35	90
21	103	20	41
ROADMAP 126
110	91	20	95
100	91	20	38
ROADMAP 127
82	19	100	103
35	19	20	160
ROADMAP 128
111	20	48	71
124	20	20	26
13	28	20	113
ROADMAP 129
29	20	127	146
63	20	20	100
46	20	20	35
8	20	20	60
ROADMAP 130
11	38	19	131
ROADMAP 131
43	20	150	174
84	20	20	45
41	20	20	124
7	20	19	21
ROADMAP 132
35	20	166	184
45	20	20	136
49	20	20	24
ROADMAP 133
51	20	40	154
116	44	20	52
ROADMAP 134
9	20	17	169
ROADMAP 135
41	20	99	124
7	20	19	69
5	20	20	85
ROADMAP 136
57	20	55	153
61	20	32	50
62	23	20	33
6	23	18	20
ROADMAP 137
10	17	141	158
70	17	20	84
2	17	20	98
ROADMAP 138
9	20	137	170
39	20	20	68
58	20	20	105
ROADMAP 139
9	20	77	170
39	20	20	67
ROADMAP 140
51	19	85	154
133	19	20	44
116	19	20	52
ROADMAP 141
15	20	154	162
111	20	19	71
124	20	20	26
128	20	20	28
13	20	20	94
ROADMAP 142
48	20	118	147
96	76	20	94
ROADMAP 143
47	19	127	141
9	82	17	98
ROADMAP 144
104	20	102	106
91	20	20	121
48	20	18	58
ROADMAP 145
123	19	39	40
68	19	20	94
18	19	20	85
ROADMAP 146
91	19	111	121
48	19	18	135
ROADMAP 147
122	51	20	122
ROADMAP 148
10	18	68	158
70	18	20	75
ROADMAP 149
11	20	45	189
81	20	19	21
ROADMAP 150
126	20	32	91
110	20	20	95
100	20	20	50
ROADMAP 151
21	18	18	147
33	18	20	57
ROADMAP 152
47	20	101	141
143	20	19	82
9	20	17	53
ROADMAP 153
6	20	44	142
62	20	33	36
71	20	20	34
26	20	20	27
ROADMAP 154
43	20	46	171
ROADMAP 155
57	20	53	153
61	20	32	50
136	20	20	23
62	20	20	33
6	20	18	31
ROADMAP 156
12	17	82	158
28	17	20	69
ROADMAP 157
97	20	27	57
67	67	20	63
60	67	20	21
ROADMAP 158
105	20	62	93
50	20	20	51
19	20	20	109
ROADMAP 159
56	18	115	166
98	18	20	66
ROADMAP 160
18	20	143	175
65	20	19	43
1	20	0	83
ROADMAP 161
18	20	149	175
65	20	19	43
1	20	0	114
ROADMAP 162
10	20	125	158
70	20	20	84
2	20	20	83
ROADMAP 163
16	20	114	155
69	20	31	48
4	24	20	117
ROADMAP 164
32	36	20	154
ROADMAP 165
58	20	76	105
138	20	20	24
15	46	19	117
ROADMAP 166
125	19	44	103
21	19	20	97
ROADMAP 167
37	20	81	86
30	20	20	144
ROADMAP 168
105	20	52	93
50	20	20	51
19	20	20	80
ROADMAP 169
10	56	19	119
ROADMAP 170
100	19	109	161
108	19	20	25
164	60	20	36
32	60	20	46
ROADMAP 171
31	20	99	154
42	20	20	41
147	25	20	51
122	25	20	65
ROADMAP 172
78	20	34	79
82	20	20	103
35	20	20	54
ROADMAP 173
59	20	40	91
40	20	20	91
ROADMAP 174
10	20	109	158
70	20	20	84
2	20	20	37
ROADMAP 175
10	20	152	158
70	20	20	84
2	20	20	109
ROADMAP 176
23	20	87	184
44	20	19	36
106	20	19	21
29	20	20	69
ROADMAP 177
15	20	104	162
111	20	19	71
124	20	20	26
128	20	20	28
13	20	20	36
ROADMAP 178
119	20	43	73
104	20	20	106
91	20	20	36
ROADMAP 179
95	37	17	147
25	37	20	26
ROADMAP 180
57	19	114	153
61	19	32	50
136	19	20	23
62	19	20	33
6	19	18	92
ROADMAP 181
9	20	80	170
39	20	20	68
58	20	20	38
ROADMAP 182
100	20	55	161
108	20	20	25
170	20	19	51
ROADMAP 183
17	20	149	168
34	20	20	90
125	20	17	74
ROADMAP 184
4	19	28	156
22	19	19	36
ROADMAP 185
95	18	105	147
25	18	20	134
ROADMAP 186
97	20	42	57
157	20	20	67
67	20	20	63
60	20	20	83
ROADMAP 187
40	20	124	142
69	52	19	31
16	52	16	96
ROADMAP 188
96	19	81	182
ROADMAP 189
41	20	90	124
7	20	19	69
5	20	20	106
ROADMAP 190
87	56	20	95
14	56	20	65
ROADMAP 191
21	20	135	147
33	20	20	119
107	20	20	35
37	20	19	54
ROADMAP 192
31	20	32	154
42	20	20	24
ROADMAP 193
91	18	19	121
48	18	18	78
ROADMAP 194
10	20	79	158
70	20	20	84
2	20	20	45
ROADMAP 195
17	19	112	168
34	19	20	90
125	19	17	32
ROADMAP 196
111	20	41	71
124	20	20	26
128	20	20	28
13	20	20	96
ROADMAP 197
41	20	25	124
7	20	19	69
5	20	20	25
ROADMAP 198
107	17	17	20
33	17	25	119
107	17	20	35
37	17	19	31
ROADMAP 199
80	20	30	42
61	62	19	32
57	62	18	100
ROADMAP 200
95	20	76	147
25	20	20	104
ROADMAP 201
199	20	31	62
61	20	19	32
57	20	18	122
ROADMAP 202
41	20	120	124
7	20	19	69
5	20	20	98
ROADMAP 203
12	20	137	158
28	20	20	79
119	20	20	73
104	20	20	22
ROADMAP 204
15	20	120	162
111	20	19	71
124	20	20	26
128	20	20	28
13	20	20	52
ROADMAP 205
91	20	93	121
48	20	18	132
ROADMAP 206
3	20	115	159
179	79	19	37
95	79	17	58
ROADMAP 207
30	20	50	174
78	20	19	38
ROADMAP 208
45	17	91	136
49	17	20	83
ROADMAP 209
12	52	19	150
ROADMAP 210
171	20	20	25
147	20	20	51
122	20	20	143
ROADMAP 211
21	20	51	147
33	20	20	75
ROADMAP 212
6	20	20	142
62	20	33	36
71	20	20	34
26	20	20	49
ROADMAP 213
57	20	96	153
61	20	32	50
136	20	20	23
62	20	20	33
6	20	18	88
ROADMAP 214
47	20	47	141
143	20	19	69
ROADMAP 215
56	20	46	166
98	20	20	26
ROADMAP 216
9	20	51	170
39	20	20	51
ROADMAP 217
12	20	115	158
28	20	20	79
119	20	20	73
104	20	20	31
ROADMAP 218
13	20	26	146
90	20	20	49
ROADMAP 219
30	18	127	174
78	18	19	79
82	18	20	77
ROADMAP 220
14	20	36	165
80	20	20	36
ROADMAP 221
15	19	57	162
111	19	19	66
ROADMAP 222
35	20	97	184
45	20	20	91
ROADMAP 223
23	20	53	184
44	20	19	31
ROADMAP 224
14	20	98	165
80	20	20	42
199	20	20	62
61	20	19	26
ROADMAP 225
126	20	36	91
110	20	20	89
ROADMAP 226
47	99	19	79
ROADMAP 227
111	20	40	71
124	20	20	26
128	20	20	28
13	20	20	126
ROADMAP 228
30	20	69	174
78	20	19	58
ROADMAP 229
130	66	20	38
11	66	19	94
ROADMAP 230
18	20	172	175
65	20	19	43
1	20	0	108
ROADMAP 231
16	20	153	155
69	20	31	48
163	20	20	24
4	20	20	127
ROADMAP 232
10	20	119	158
70	20	20	84
2	20	20	39
ROADMAP 233
98	18	30	66
159	18	18	47
190	28	20	56
87	28	20	78
ROADMAP 234
35	20	94	184
45	20	20	69
ROADMAP 235
9	20	148	170
39	20	20	68
58	20	20	78
ROADMAP 236
56	19	31	166
98	19	20	51
ROADMAP 237
6	18	116	142
62	18	33	36
71	18	20	34
26	18	20	98
17	18	20	57
ROADMAP 238
123	20	19	40
68	20	20	94
18	20	20	60
ROADMAP 239
3	22	20	159
206	22	20	43
ROADMAP 240
23	20	122	184
44	20	19	36
106	20	19	21
29	20	20	93
ROADMAP 241
51	20	58	154
133	20	20	44
116	20	20	62
ROADMAP 242
21	20	75	147
33	20	20	70
ROADMAP 243
3	20	102	159
206	20	20	79
179	20	19	37
95	20	17	24
ROADMAP 244
39	18	27	68
58	18	20	105
138	18	20	24
165	18	20	46
15	18	19	22
ROADMAP 245
142	19	23	76
96	19	20	94
ROADMAP 246
71	20	27	34
26	20	20	98
17	20	20	90
ROADMAP 247
2	20	62	144
31	20	20	63
ROADMAP 248
95	20	89	147
25	20	20	100
ROADMAP 249
2	19	72	144
31	19	20	72
ROADMAP 250
30	20	31	159
ROADMAP 251
1	20	37	170
52	20	20	42
ROADMAP 252
29	20	76	146
63	20	20	100
46	20	20	35
8	20	20	22
ROADMAP 253
32	20	126	181
55	20	19	27
51	20	18	90
ROADMAP 254
32	20	20	153
ROADMAP 255
24	19	60	182
169	27	20	31
ROADMAP 256
57	18	26	153
61	18	32	50
136	18	20	21
ROADMAP 257
32	20	53	181
55	20	19	27
51	20	18	49
ROADMAP 258
20	20	123	156
97	20	20	57
157	20	20	67
67	20	20	63
60	20	20	24
ROADMAP 259
57	18	71	153
61	18	32	50
136	18	20	23
62	18	20	33
6	18	18	39
ROADMAP 260
36	20	62	63
23	20	20	180
ROADMAP 261
24	33	19	132
ROADMAP 262
48	20	34	147
142	20	20	73
ROADMAP 263
111	20	24	71
124	20	20	26
128	20	20	28
13	20	20	117
ROADMAP 264
157	20	58	67
67	20	20	63
60	20	20	135
ROADMAP 265
59	19	70	91
40	19	20	129
ROADMAP 266
21	20	56	147
33	20	20	87
ROADMAP 267
97	20	56	57
157	20	20	67
67	20	20	63
60	20	20	73
ROADMAP 268
105	20	36	93
50	20	20	51
19	20	20	53
ROADMAP 269
22	20	78	114
72	20	20	23
43	20	20	105
ROADMAP 270
15	20	150	162
111	20	19	71
124	20	20	26
128	20	20	28
13	20	20	99
ROADMAP 271
37	19	83	86
30	19	20	172
ROADMAP 272
57	20	72	153
61	20	32	50
136	20	20	23
62	20	20	33
6	20	18	32
ROADMAP 273
122	20	110	187
239	73	20	22
3	73	20	52
ROADMAP 274
126	35	20	91
110	35	20	68
ROADMAP 275
159	20	43	47
233	20	18	28
190	20	20	56
87	20	20	95
14	20	20	25
ROADMAP 276
78	19	19	79
82	19	20	103
35	19	20	45
ROADMAP 277
63	19	31	100
46	19	20	35
8	19	20	91
ROADMAP 278
23	18	160	184
44	18	19	36
106	18	19	21
29	18	20	115
ROADMAP 279
14	20	155	165
80	20	20	42
199	20	20	62
61	20	19	32
57	20	18	78
ROADMAP 280
37	20	71	86
30	20	20	150
ROADMAP 281
34	20	54	90
125	20	17	103
21	20	20	23
ROADMAP 282
8	20	70	183
123	20	19	40
68	20	20	56
ROADMAP 283
8	20	99	183
123	20	19	40
68	20	20	79
ROADMAP 284
69	20	40	48
163	20	20	24
4	20	20	151
ROADMAP 285
52	19	42	176
ROADMAP 286
122	17	34	178
ROADMAP 287
110	20	56	95
100	20	20	124
ROADMAP 288
6	19	115	142
62	19	33	36
71	19	20	34
26	19	20	98
17	19	20	67
ROADMAP 289
37	20	66	86
30	20	20	143
ROADMAP 290
32	20	21	181
ROADMAP 291
9	20	145	170
39	20	20	68
58	20	20	105
138	20	20	24
165	20	20	28
ROADMAP 292
122	20	26	183
ROADMAP 293
8	20	144	183
123	20	19	40
68	20	20	84
ROADMAP 294
21	20	77	147
33	20	20	79
ROADMAP 295
15	20	60	162
111	20	19	71
124	20	20	26
128	20	20	23
ROADMAP 296
56	20	77	166
98	20	20	66
159	20	18	29
ROADMAP 297
18	20	119	175
65	20	19	43
1	20	0	56
ROADMAP 298
143	19	81	82
9	19	17	170
39	19	20	25
ROADMAP 299
18	20	108	175
65	20	19	43
1	20	0	43
ROADMAP 300
125	20	42	103
21	20	20	127
ROADMAP 301
5	20	142	162
38	20	20	79
93	20	20	35
56	20	20	69
ROADMAP 302
209	37	20	52
12	37	19	110
ROADMAP 303
59	42	19	91
40	42	20	83
ROADMAP 304
12	20	112	158
28	20	20	79
119	20	20	58
ROADMAP 305
126	20	84	91
110	20	20	95
100	20	20	84
ROADMAP 306
21	19	73	147
33	19	20	69
ROADMAP 307
23	20	92	184
44	20	19	36
106	20	19	21
29	20	20	78
ROADMAP 308
122	19	125	187
273	19	20	73
239	19	20	22
3	19	20	49
ROADMAP 309
60	20	101	144
302	80	20	37
209	80	20	38
ROADMAP 310
57	20	150	153
61	20	32	50
136	20	20	23
62	20	20	33
6	20	18	136
ROADMAP 311
303	18	22	42
59	18	19	91
40	18	20	94
ROADMAP 312
209	20	45	52
12	20	19	158
ROADMAP 313
96	20	25	174
ROADMAP 314
65	20	29	43
1	20	0	134
ROADMAP 315
100	20	67	161
108	20	20	25
170	20	19	60
164	20	20	34
ROADMAP 316
21	19	53	147
33	19	20	59
ROADMAP 317
14	20	98	165
80	20	20	42
199	20	20	62
61	20	19	32
57	20	18	39
ROADMAP 318
199	20	37	62
61	20	19	32
57	20	18	142
ROADMAP 319
309	20	53	80
302	20	20	37
209	20	20	52
12	20	19	65
ROADMAP 320
6	20	35	142
62	20	33	36
71	20	20	34
26	20	20	61
ROADMAP 321
90	20	61	64
229	21	20	66
130	21	20	38
11	21	19	79
ROADMAP 322
14	19	121	165
80	19	20	42
199	19	20	62
61	19	19	32
57	19	18	65
ROADMAP 323
105	20	20	93
50	20	20	51
19	20	20	85
ROADMAP 324
95	20	133	147
25	20	20	130
ROADMAP 325
13	20	143	146
90	20	20	64
321	20	20	21
229	20	20	66
130	20	20	38
11	20	19	27
ROADMAP 326
31	20	79	154
42	20	20	41
171	20	20	25
147	20	20	44
ROADMAP 327
21	20	125	147
33	20	20	119
107	20	20	35
37	20	19	29
ROADMAP 328
19	20	61	182
274	23	20	35
126	23	20	41
ROADMAP 329
47	20	39	141
143	20	19	58
ROADMAP 330
20	20	151	156
97	20	20	57
157	20	20	67
67	20	20	63
60	20	20	51
ROADMAP 331
42	20	37	41
171	20	20	25
147	20	20	51
122	20	20	104
ROADMAP 332
57	19	145	153
61	19	32	50
136	19	20	23
62	19	20	33
6	19	18	99
ROADMAP 333
7	20	67	69
5	20	20	162
38	20	20	30
ROADMAP 334
16	20	29	155
69	20	31	48
163	20	20	24
4	20	20	39
ROADMAP 335
ROADMAP 336
30	19	71	174
78	19	19	43
ROADMAP 337
15	20	156	162
111	20	19	71
124	20	20	26
128	20	20	28
13	20	20	91
ROADMAP 338
26	20	73	98
17	20	20	121
ROADMAP 339
51	20	134	154
133	20	20	44
116	20	20	127
ROADMAP 340
116	20	86	135
20	20	20	113
ROADMAP 341
12	20	109	158
28	20	20	79
119	20	20	36
ROADMAP 342
60	17	127	144
309	17	20	80
302	17	20	37
209	17	20	52
12	17	19	55
ROADMAP 343
8	20	123	183
123	20	19	40
68	20	20	68
ROADMAP 344
33	20	36	119
107	20	20	35
37	20	19	68
ROADMAP 345
14	20	113	165
80	20	20	42
199	20	20	62
61	20	19	32
57	20	18	35
ROADMAP 346
21	20	35	147
33	20	20	51
ROADMAP 347
17	20	64	168
34	20	20	85
ROADMAP 348
31	20	120	154
42	20	20	41
171	20	20	25
147	20	20	51
122	20	20	99
ROADMAP 349
125	19	76	103
21	19	20	147
33	19	20	23
ROADMAP 350
43	20	173	174
84	20	20	45
41	20	20	124
7	20	19	56
ROADMAP 351
95	20	115	147
25	20	20	149
ROADMAP 352
4	20	79	156
22	20	19	107
ROADMAP 353
40	20	48	142
187	20	20	52
69	20	19	31
16	20	16	48
ROADMAP 354
82	19	48	103
35	19	20	89
ROADMAP 355
110	20	76	95
100	20	20	160
ROADMAP 356
45	20	118	136
49	20	20	83
208	20	17	58
ROADMAP 357
67	19	28	63
60	19	20	144
309	19	20	25
ROADMAP 358
17	19	84	168
34	19	20	66
ROADMAP 359
25	20	176	185
105	20	19	93
50	20	20	51
19	20	20	65
ROADMAP 360
105	20	83	93
50	20	20	51
19	20	20	116
ROADMAP 361
13	20	102	146
90	20	20	64
321	20	20	21
229	20	20	66
130	20	20	29
ROADMAP 362
122	19	151	187
273	19	20	73
239	19	20	22
3	19	20	68
ROADMAP 363
3	19	23	159
206	19	20	50
ROADMAP 364
356	20	41	45
261	48	20	33
24	48	19	110
ROADMAP 365
142	20	68	76
96	20	20	166
ROADMAP 366
47	18	86	141
143	18	19	82
9	18	17	53
ROADMAP 367
36	20	57	63
23	20	20	166
ROADMAP 368
18	20	50	175
65	20	19	42
ROADMAP 369
59	20	22	91
40	20	20	78
ROADMAP 370
52	19	25	172
ROADMAP 371
87	20	83	95
14	20	20	130
ROADMAP 372
143	20	30	82
9	20	17	95
ROADMAP 373
91	20	45	121
48	20	18	76
ROADMAP 374
37	20	61	86
30	20	20	126
ROADMAP 375
18	20	65	175
65	20	19	34
ROADMAP 376
12	19	55	158
28	19	20	39
ROADMAP 377
68	20	40	94
18	20	20	113
ROADMAP 378
1	20	54	170
52	20	20	40
ROADMAP 379
12	20	76	158
28	20	20	79
119	20	20	39
ROADMAP 380
18	20	145	175
65	20	19	43
1	20	0	67
ROADMAP 381
52	20	80	177
335	21	20	80
ROADMAP 382
9	20	72	170
39	20	20	68
58	20	20	40
ROADMAP 383
32	20	161	181
55	20	19	27
51	20	18	149
ROADMAP 384
95	20	133	147
25	20	20	155
ROADMAP 385
17	20	81	168
34	20	20	76
ROADMAP 386
14	20	49	165
80	20	20	42
199	20	20	27
ROADMAP 387
57	18	146	153
61	18	32	50
136	18	20	23
62	18	20	33
6	18	18	102
ROADMAP 388
40	19	96	142
187	19	20	52
69	19	19	31
16	19	16	79
ROADMAP 389
65	20	28	43
1	20	0	133
ROADMAP 390
190	19	49	56
87	19	20	95
14	19	20	97
ROADMAP 391
96	20	163	182
188	20	19	56
226	37	20	80
ROADMAP 392
41	20	58	124
7	20	19	69
5	20	20	30
ROADMAP 393
104	20	36	106
91	20	20	92
ROADMAP 394
1	20	68	170
52	20	20	76
ROADMAP 395
48	19	144	147
142	19	20	76
96	19	20	119
ROADMAP 396
165	20	39	46
15	20	19	151
ROADMAP 397
206	19	20	79
179	19	19	37
95	19	17	70
ROADMAP 398
309	19	24	80
302	19	20	37
209	19	20	52
12	19	19	76
ROADMAP 399
5	20	23	162
38	20	20	41
ROADMAP 400
57	20	150	153
61	20	32	50
136	20	20	23
62	20	20	33
6	20	18	107
